2.25 4.8064673900604244
2.25 2.5447718824659074
2.25 0.6956729446138654
2.25 0.9120751023292542
2.25 0.5203115054539271
2.25 0.4456858600888933
2.0 8.210721990040371
2.0 6.713415280410222
2.0 5.001541640077319
2.0 5.4873861312866214
2.0 3.0410548482622417
2.0 2.798134180477687
2.5 5.346388115201678
2.5 2.2705452288900103
2.5 0.2426054835319519
2.5 0.2470564467566354
2.5 0.2717895405633109
2.5 0.2414313861301967
3.0 1.5564488853727068
3.0 0.5164840885571071
3.0 0.15746185779571534
3.0 0.1609417234148298
3.0 0.16773180621010916
3.0 0.1645681653703962
2.75 4.313775897026062
2.75 0.8775160772459848
2.75 0.4857303721564157
2.75 0.16822608709335327
2.75 0.17059894970485143
2.75 0.16908480269568307
