2.25 0.024801741043726604
2.25 0.025885651508967083
2.25 0.02616038719813029
2.25 0.02657456398010254
2.25 0.02688110073407491
2.25 0.027036102612813313
2.0 0.02477829655011495
2.0 0.025745739539464314
2.0 0.026327510674794514
2.0 0.02667037844657898
2.0 0.026998754342397055
2.0 0.02686083912849426
2.5 0.024750914176305136
2.5 0.02581084966659546
2.5 0.02614795764287313
2.5 0.026578261454900106
2.5 0.026883816719055174
2.5 0.026866344610850017
3.0 0.02477887272834778
3.0 0.025737460454305014
3.0 0.026318844159444174
3.0 0.026573163270950318
3.0 0.02691022555033366
3.0 0.0269051988919576
2.75 0.024797489245732624
2.75 0.025825512409210206
2.75 0.02628992994626363
2.75 0.026731202999750774
2.75 0.02683649261792501
2.75 0.026972784598668417
